92949345220277864758624960506473182677953048909283248980960104381795901929519566951595905490535835115111760994353
80949648264912719408558363140637477264845294720710499478137287262712535938301461879813459410946
216465761340224619389371505802605247630151569547285782856803747159100223055385581585702401816380679166954762214499
80949648264912719408558363140637477264845294720710499478137287262712535938301461879813459410945
123516416119946754630746545296132064952198520638002533875843642777304321125866014634106496325844844051843001220146
165715080792691229252027773188420350858440463845631411558924158284924566418821255823372982649037525009328560463824
258664426012969093929703085429980814127835149614277183275038967946009968870203535512256352201271898244626862047231
42198664672744474621281227892288285906241943207628877683080515507620245292955241189266486323192680957485559243678
258664426012969093929703085429980814127835149614277183275038967946009968870203535512256352201271898244626862047232
135148009893022339379906188398761468584194992116912126664040619889416147222474808140862391813728516072597320238031
